17.jpg 0 2.57989e-13 1 0.0008518 2 0.999093 3 5.5436e-05
10.jpg 0 8.26707e-11 1 5.17946e-05 2 0.999948 3 6.62723e-08
3.jpg 0 1.35382e-09 1 0.696111 2 0.0345923 3 0.269297
1.jpg 0 4.1802e-10 1 0.00603207 2 0.000503105 3 0.993465
2.jpg 0 2.97053e-10 1 1.72814e-06 2 6.65165e-07 3 0.999998
6.jpg 0 5.04728e-09 1 0.678927 2 0.0151876 3 0.305885
11.jpg 0 0.0796162 1 0.0437109 2 0.876665 3 8.23549e-06
19.jpg 0 7.30688e-10 1 2.23094e-09 2 1.0 3 6.17481e-09
20.jpg 0 3.22962e-10 1 0.000311716 2 0.999687 3 1.07707e-06
8.jpg 0 3.8726e-08 1 0.02156 2 0.0367649 3 0.941675
15.jpg 0 0.00196788 1 0.984076 2 0.0139553 3 4.60543e-07
9.jpg 0 0.000183024 1 0.0147604 2 0.95785 3 0.0272066
14.jpg 0 8.19526e-06 1 0.00836158 2 0.99156 3 7.00642e-05
13.jpg 0 1.3678e-14 1 2.16086e-06 2 0.999996 3 1.49832e-06
5.jpg 0 3.10507e-10 1 3.51695e-07 2 3.07626e-07 3 0.999999
12.jpg 0 0.97141 1 0.01917 2 0.00930202 3 2.58968e-06
18.jpg 0 1.49542e-13 1 5.15303e-08 2 1.0 3 6.57879e-08
7.jpg 0 2.91156e-10 1 0.183875 2 0.814498 3 0.0016265
