17.jpg 0 8.02404e-07 1 0.999998 2 8.78828e-07 3 3.95554e-09
10.jpg 0 2.02294e-09 1 0.889348 2 0.110652 3 3.98119e-08
3.jpg 0 9.76739e-05 1 0.99976 2 0.000142158 3 2.02238e-07
1.jpg 0 0.965748 1 0.0340798 2 0.000148355 3 4.40508e-07
2.jpg 0 0.999468 1 0.00052954 2 2.53117e-06 3 6.14996e-09
6.jpg 0 0.000121655 1 0.963086 2 0.0228256 3 0.0139671
16.jpg 0 0.981774 1 0.0182244 2 1.23285e-06 3 3.15133e-09
11.jpg 0 0.00100721 1 0.998985 2 7.92461e-06 3 5.12592e-09
19.jpg 0 0.00140528 1 0.998585 2 9.49422e-06 3 2.19764e-08
20.jpg 0 0.24693 1 0.749309 2 0.00311334 3 0.000105278
4.jpg 0 0.00892645 1 0.991067 2 5.89802e-06 3 1.45959e-07
8.jpg 0 0.000272508 1 0.999725 2 2.79844e-06 3 7.8067e-08
15.jpg 0 0.000521616 1 0.999476 2 2.22222e-06 3 2.59993e-07
9.jpg 0 1.2766e-09 1 7.01617e-05 2 0.999914 3 1.5884e-05
14.jpg 0 0.573658 1 0.425779 2 0.000562705 3 1.3193e-08
13.jpg 0 0.0492496 1 0.95075 2 3.24674e-07 3 1.12819e-09
5.jpg 0 0.526079 1 0.47086 2 0.00295337 3 2.87224e-06
12.jpg 0 0.0194848 1 0.980514 2 1.27908e-06 3 8.24887e-09
18.jpg 0 6.79034e-07 1 0.999988 2 1.14732e-05 3 3.28076e-09
7.jpg 0 0.000573074 1 0.999412 2 1.47665e-05 3 1.50594e-08
